906
223
61
23
91
369
45
849
296
524
148
118
744
80
53
312
72
84
53
47
103
34
235
309
98
61
243
48
97
173
78
374
96
76
226
70
262
429
198
141
48
433
827
43
353
168
321
76
141
78
300
103
66
220
197
273
30
58
781
311
444
42
132
219
96
70
337
64
91
65
79
84
336
431
98
102
94
86
91
119
355
267
359
102
42
51
61
403
200
230
117
162
113
35
68
564
72
42
112
37
510
92
34
96
150
129
123
165
130
64
29
446
64
115
246
42
43
29
109
211
63
114
128
91
212
28
107
128
460
135
204
163
111
235
65
459
173
68
23
623
849
31
901
147
264
60
129
139
60
90
95
187
273
276
108
367
23
32
187
339
124
66
64
108
559
63
53
194
960
188
153
58
403
193
192
74
163
354
184
305
185
66
31
90
57
123
151
11
124
166
26
187
128
748
72
59
72
121
332
284
101
106
35
66
29
159
223
276
49
281
49
101
51
570
37
208
85
175
31
210
77
72
229
29
207
25
116
78
42
446
369
223
119
910
103
242
186
778
954
198
151
159
30
123
75
32
614
72
198
183
839
93
134
179
82
31
417
487
127
108
249
188
874
180
174
78
137
163
108
175
26
35
488
133
88
103
145
366
92
853
816
145
391
168
80
146
211
105
456
178
506
191
129
274
91
30
122
114
246
116
96
224
780
31
50
384
760
108
222
670
62
41
204
315
945
96
91
70
120
127
22
181
42
176
258
534
241
80
250
87
128
99
230
53
117
161
86
467
231
48
189
243
290
156
964
57
364
433
178
36
86
590
148
126
66
77
91
65
75
251
339
621
341
197
245
133
280
187
603
602
280
438
247
41
38
239
581
412
138
72
46
372
90
58
860
324
160
263
87
272
75
132
46
571
76
56
11
83
69
92
127
181
119
180
77
475
91
79
100
191
350
117
199
67
57
160
211
64
666
97
160
86
529
27
568
38
85
475
139
66
71
70
57
64
168
61
65
95
340
200
69
148
191
388
112
232
34
64
255
326
236
126
142
161
103
119
188
605
268
167
222
253
93
88
160
477
89
109
146
401
30
220
185
150
51
226
496
108
856
50
266
62
531
43
67
275
279
229
525
72
146
108
138
109
67
48
24
114
97
184
95
277
335
34
76
100
92
385
50
80
43
699
49
150
836
480
76
94
101
45
89
207
779
37
150
128
95
66
69
37
504
61
73
29
117
19
452
151
21
430
45
77
58
74
418
118
70
17
272
42
126
246
192
532
89
601
115
127
232
217
35
76
917
223
53
115
131
125
370
229
310
42
405
298
353
54
122
204
47
183
34
211
45
712
419
84
148
596
46
32
701
72
66
187
48
198
46
129
80
110
162
214
86
52
60
208
120
59
798
290
121
239
45
82
294
128
131
70
19
54
105
90
102
491
387
79
322
164
790
93
430
25
79
134
271
300
331
115
95
65
663
73
46
47
194
179
658
53
111
98
175
14
382
15
362
94
43
28
98
48
130
183
80
362
275
150
400
74
145
185
288
283
247
66
42
331
113
49
57
218
951
150
146
68
123
214
140
190
86
297
166
360
20
290
278
127
344
567
216
97
350
121
212
131
539
71
221
256
717
93
99
37
110
62
141
133
57
679
134
141
519
168
136
82
19
87
205
163
170
216
239
222
63
67
89
115
830
35
397
42
273
54
52
191
95
57
107
244
128
632
52
327
131
55
115
391
781
144
76
27
102
81
120
48
109
91
651
59
96
45
92
81
88
53
34
107
149
105
63
139
55
58
872
166
375
72
512
453
227
178
106
138
309
376
363
116
108
33
256
51
253
106
130
170
118
415
37
718
205
190
91
56
65
55
67
167
150
62
149
76
133
148
834
140
118
37
206
159
139
77
184
211
121
43
92
178
448
157
233
62
54
65
476
110
72
84
115
47
34
117
546
163
163
150
103
140
141
77
94
860
84
36
19
114
114
97
45
174
340
142
220
343
327
255
49
177
106
29
64
237
252
952
986
43
274
119
61
601
115
174
30
112
451
74
102
176
270
115
251
843
126
53
809
336
34
81
79
84
63
112
74
59
167
308
158
101
34
47
122
49
197
127
113
385
307
123
350
197
551
27
42
652
103
53
131
136
263
178
620
128
173
318
327
241
120
199
89
172
42
88
28
899
168
936
170
120
132
148
544
140
69
435
64
88
122
225
342
422
672
174
954
116
232
162
88
405
256
459
151
107
84
52
69
35
329
94
534
239
75
736
235
104
889
98
64
154
87
412
80
213
45
77
823
18
207
58
153
87
80
729
252
65
136
203
55
140
92
281
269
728
99
130
70
139
140
126
83
215
125
288
582
141
31
109
545
171
170
36
225
201
388
69
744
80
923
168
334
58
136
60
59
47
32
116
92
289
763
283
102
299
369
101
424
337
46
616
209
392
41
180
382
58
873
52
148
143
497
33
440
167
225
310
740
92
84
136
201
330
27
211
233
45
78
115
29
32
495
191
119
176
51
227
109
65
47
243
144
215
120
303
380
248
389
141
325
89
229
191
77
341
44
178
116
28
229
50
175
31
220
147
434
853
99
43
75
500
848
280
201
132
13
240
62
131
949
116
53
44
331
202
62
83
942
435
246
222
114
88
133
706
57
51
382
104
114
139
176
283
55
98
489
206
61
922
205
83
82
321
330
118
79
59
55
105
109
73
131
66
69
661
59
85
292
78
301
165
231
59
58
125
118
83
26
129
97
133
363
599
258
566
405
77
120
153
118
128
99
173
265
101
110
113
120
472
49
86
67
988
163
116
60
700
119
53
85
361
208
210
34
144
228
218
55
61
450
107
188
174
728
81
73
214
280
51
39
61
85
205
190
199
64
46
111
139
126
225
202
70
84
70
65
72
561
351
76
327
140
37
536
70
49
374
86
93
194
72
60
353
84
143
268
123
124
328
246
105
41
97
31
96
152
293
45
855
85
56
86
80
985
57
127
78
83
117
522
47
250
148
188
180
75
62
87
62
407
162
591
227
83
105
78
275
52
153
162
74
104
144
54
565
321
157
61
128
162
80
78
119
361
141
391
35
171
42
194
355
87
29
69
454
124
112
130
152
72
56
663
56
77
29
58
324
256
157
35
80
144
56
183
204
89
66
176
130
204
116
89
210
76
55
363
558
246
144
39
745
276
55
69
98
90
297
121
380
438
132
251
163
298
829
149
23
21
189
52
117
51
507
658
297
292
58
60
166
328
113
45
179
88
135
163
222
160
751
26
227
66
32
266
59
32
671
249
184
333
108
773
230
100
210
73
160
472
125
65
293
67
105
71
106
90
671
95
53
23
340
432
443
134
81
169
85
56
40
387
37
60
56
62
38
76
67
65
135
70
74
147
120
155
44
40
140
58
70
45
66
154
140
582
221
333
82
33
183
90
24
137
557
112
60
242
685
239
159
73
104
148
307
77
183
269
91
313
30
739
189
162
129
68
108
105
24
109
82
317
112
421
79
83
885
49
162
213
91
485
162
148
77
30
184
55
64
67
202
119
91
95
251
455
535
353
159
786
169
127
157
49
122
700
68
216
525
157
75
215
180
243
128
45
156
122
76
159
57
73
924
50
709
30
52
136
320
363
141
127
21
60
597
108
146
74
231
188
413
604
684
535
447
592
150
68
112
70
371
87
84
133
175
203
66
36
667
16
124
846
69
137
48
243
128
360
147
328
148
124
93
430
27
64
140
902
401
188
87
462
128
314
509
73
218
113
48
124
344
51
89
237
271
68
380
249
467
247
55
80
79
386
106
146
324
360
151
250
183
121
112
90
52
47
137
590
163
543
90
102
21
135
195
137
48
469
167
78
272
302
94
116
46
107
78
31
71
96
636
41
103
19
74
624
672
338
268
264
175
27
62
46
65
821
232
423
205
204
264
35
133
82
96
120
132
137
128
122
57
32
87
85
130
62
93
32
867
36
96
198
106
91
42
380
94
259
85
45
52
235
173
243
411
54
118
711
90
66
336
117
201
305
71
340
87
521
60
255
21
108
77
170
488
20
731
353
392
88
406
87
220
225
175
235
243
936
24
30
26
94
151
132
52
47
129
682
93
552
210
184
852
270
95
288
491
695
88
35
245
97
73
594
294
166
45
140
481
56
15
765
998
138
336
57
451
204
342
48
108
421
713
105
148
329
173
102
77
622
96
495
72
382
82
231
214
139
139
44
181
273
94
149
215
485
120
195
59
130
160
365
31
324
49
97
236
66
56
40
954
76
30
79
201
211
702
389
871
45
149
49
178
148
57
27
81
94
81
293
214
725
57
150
134
84
217
911
411
101
86
44
111
265
222
83
165
162
43
404
807
164
258
27
390
73
78
57
176
79
230
199
115
187
58
256
98
67
201
402
191
131
75
130
247
33
39
192
206
112
161
121
536
244
392
138
149
172
371
190
200
34
48
241
59
47
37
134
159
171
340
148
211
185
170
32
200
636
369
345
188
18
127
498
20
56
149
183
53
18
155
822
364
61
216
393
381
50
114
530
92
52
590
360
191
39
228
282
230
110
66
427
237
239
175
560
35
146
202
339
98
97
167
54
82
456
75
56
57
132
205
367
95
178
104
70
280
30
69
85
41
750
106
531
261
187
146
326
173
257
152
184
101
179
181
194
46
7
278
208
202
115
94
593
174
144
418
121
537
231
806
133
412
108
162
29
299
78
55
217
838
437
101
551
84
346
228
486
40
496
699
44
84
65
418
347
253
217
411
762
297
42
45
401
655
436
78
208
105
233
104
98
123
36
69
151
94
399
57
60
116
56
122
111
572
287
136
175
49
43
60
22
113
141
134
176
58
169
70
168
207
542
526
233
52
31
131
231
501
147
313
53
455
464
224
706
929
62
173
161
410
72
194
144
51
402
138
100
123
85
87
29
271
122
146
91
219
99
92
258
59
58
908
63
188
25
94
191
192
399
62
80
195
44
143
175
358
58
600
283
156
182
144
46
328
85
236
64
72
133
210
258
60
51
104
106
295
97
44
188
51
316
131
179
100
321
47
37
45
119
831
114
144
144
22
67
96
38
48
251
55
245
54
113
253
150
119
174
631
196
663
104
43
478
55
623
72
961
185
99
870
87
55
95
210
52
211
128
93
261
137
116
756
636
245
35
90
202
904
595
160
421
37
86
431
350
13
55
64
39
114
58
286
116
68
30
138
73
473
500
49
875
57
31
103
80
710
160
569
139
355
163
260
623
117
180
347
52
804
220
99
59
70
74
69
201
174
34
377
880
381
40
58
106
50
206
43
187
305
74
64
158
305
201
790
206
160
269
31
698
60
189
231
27
165
53
112
36
198
81
218
297
82
110
48
112
221
268
193
38
89
88
72
137
139
112
162
85
108
120
352
217
55
185
121
237
98
111
651
109
363
600
89
92
91
92
325
253
782
24
173
177
346
589
175
182
175
97
240
99
749
167
45
817
80
180
827
165
56
404
172
523
251
150
74
42
820
32
152
223
742
51
125
144
64
43
257
207
376
90
36
205
168
36
180
259
61
111
344
81
42
51
112
30
35
304
309
41
364
51
38
48
226
51
25
161
74
92
46
180
61
112
58
817
60
115
97
118
355
159
39
85
76
35
102
194
103
144
73
258
859
159
131
68
27
168
56
91
99
35
164
52
58
59
366
408
145
56
185
182
35
96
119
55
53
194
44
121
302
142
72
467
440
38
177
590
160
103
181
125
90
841
354
130
320
111
312
216
227
339
106
133
62
63
286
583
154
132
235
150
189
394
154
43
62
52
420
170
139
181
43
638
37
69
23
312
32
165
339
391
117
720
216
572
353
230
69
289
60
165
401
105
403
44
149
68
762
55
558
66
419
74
150
437
84
122
81
127
246
49
206
85
129
108
255
160
145
650
49
873
472
410
32
638
48
573
102
89
758
64
466
266
147
81
158
397
291
129
249
60
32
512
87
24
254
138
193
593
42
79
241
62
672
30
473
245
59
298
95
425
74
154
821
54
117
84
145
71
80
65
815
41
48
57
320
546
224
54
42
39
118
196
82
173
58
49
128
130
61
690
343
59
107
131
645
35
92
260
135
144
38
208
98
97
183
110
52
177
132
588
55
256
105
670
53
127
140
547
53
109
77
78
487
203
112
62
189
17
121
92
216
159
86
105
292
511
134
98
183
45
62
81
104
94
195
757
186
39
172
295
80
159
35
710
66
283
271
62
178
726
869
226
134
55
35
36
336
61
41
130
131
66
168
125
643
92
75
189
54
922
587
171
559
521
286
918
465
94
320
34
93
201
220
53
170
299
16
250
246
348
228
235
30
229
164
63
102
923
232
134
176
83
116
350
183
30
129
66
98
821
451
129
317
86
33
355
101
258
179
96
487
216
26
72
165
400
100
139
101
46
76
66
608
935
219
129
648
34
98
284
53
81
182
107
43
205
51
112
459
143
167
57
84
87
173
128
290
92
86
156
30
430
45
114
952
141
311
168
113
20
105
479
94
146
131
182
49
71
199
95
29
238
65
117
69
356
360
166
102
266
269
276
858
90
81
993
71
39
124
199
71
43
182
33
42
111
77
136
233
83
795
45
38
87
84
75
173
109
55
183
67
47
21
489
422
96
216
727
155
54
94
754
141
215
219
161
650
283
186
95
517
168
77
87
47
170
317
243
84
242
156
460
100
163
28
384
188
82
238
946
565
45
54
77
140
226
477
742
362
20
143
75
85
462
471
187
228
76
147
82
458
298
341
20
396
278
47
61
256
491
503
60
791
171
341
172
160
471
169
134
137
93
92
301
311
230
27
61
170
96
88
258
516
58
55
341
368
51
158
40
744
299
202
400
69
51
59
110
256
204
20
83
144
60
380
142
35
570
31
96
691
70
38
182
197
79
16
106
89
68
797
135
28
123
124
178
231
57
38
91
158
244
119
429
297
52
615
429
202
403
26
104
983
83
103
179
240
48
329
80
500
60
183
105
90
200
868
62
142
576
227
56
87
315
52
990
164
253
136
157
229
81
83
210
77
58
170
103
429
116
194
251
68
72
139
174
211
102
102
61
126
154
59
109
96
52
111
95
405
146
31
186
185
304
543
90
133
144
236
53
41
101
309
195
71
80
421
73
28
56
214
544
135
67
59
246
290
555
302
238
269
251
118
89
106
44
244
66
211
41
66
34
43
60
130
86
88
614
133
161
213
86
177
129
35
99
110
60
17
19
168
475
97
205
266
166
426
84
35
54
208
783
96
300
426
137
106
101
98
45
124
59
43
673
178
122
154
277
98
644
108
133
268
101
129
158
240
300
52
300
277
72
40
688
274
107
79
110
395
65
62
289
129
158
200
425
521
133
151
407
176
87
181
116
289
405
139
67
95
645
124
582
154
159
87
31
343
50
53
307
83
141
90
86
162
45
193
53
83
312
137
62
97
106
724
150
74
33
72
16
61
828
256
208
218
949
470
165
202
251
155
156
107
234
176
403
59
681
198
101
711
431
69
98
223
96
89
71
413
479
90
248
111
213
522
26
104
75
10
544
208
140
31
201
40
120
773
253
113
46
15
215
83
193
181
46
328
168
24
846
31
56
105
188
83
101
104
20
150
64
145
100
162
46
136
164
458
479
277
172
86
49
478
136
400
76
57
146
151
82
206
130
111
262
40
241
173
368
102
86
135
9
292
62
67
258
923
199
164
206
90
404
478
217
63
200
299
271
63
431
80
685
137
46
201
173
41
143
426
167
124
151
446
81
41
232
143
70
291
104
191
367
32
230
629
428
427
37
112
533
40
45
267
114
40
118
199
102
77
228
214
147
430
139
180
906
288
110
310
211
64
147
516
254
33
147
139
116
281
74
84
193
267
24
99
37
365
145
450
37
37
252
74
114
458
11
109
239
47
37
213
226
244
309
63
254
84
228
38
404
229
196
131
281
801
44
118
194
212
55
70
348
57
66
94
680
122
58
136
206
60
113
168
129
120
204
43
116
175
12
64
58
97
34
908
49
293
119
397
141
278
312
197
578
209
441
594
42
105
264
350
197
81
123
169
137
66
242
88
47
174
506
560
202
278
87
212
219
201
47
131
107
111
628
545
65
41
335
60
448
141
136
256
429
134
220
24
568
541
43
36
53
76
87
55
65
119
875
212
199
133
48
230
229
599
99
232
259
367
246
129
56
53
112
87
59
52
186
221
190
46
193
211
56
46
273
353
221
121
179
589
383
104
82
212
62
325
143
107
73
85
48
136
133
177
281
59
29
70
17
321
235
106
92
110
184
134
218
289
702
32
43
42
78
192
31
509
750
455
394
209
145
174
135
219
68
106
45
50
428
540
175
102
52
155
366
420
98
591
38
102
94
164
379
237
410
118
68
350
138
471
88
48
568
728
797
151
649
44
289
108
68
102
494
60
62
19
559
106
166
345
311
544
843
129
82
113
95
100
631
154
352
214
624
229
138
73
577
113
86
704
919
107
119
166
140
136
191
62
321
31
247
849
230
236
201
131
102
347
108
875
81
45
153
29
48
184
279
455
61
42
199
387
341
220
91
318
196
126
221
164
86
14
131
58
131
102
879
27
936
65
118
224
871
111
59
235
55
41
237
162
41
593
248
230
151
74
131
104
63
306
198
151
103
305
133
105
70
181
150
94
54
950
167
68
95
85
421
557
143
184
317
151
94
166
105
272
100
136
82
62
126
12
237
198
100
135
127
124
60
37
105
106
256
85
917
76
209
682
237
172
345
77
147
961
260
935
165
50
330
193
153
374
296
113
87
140
173
246
822
95
828
497
41
451
142
132
58
134
164
39
164
319
61
113
33
272
83
296
344
75
335
250
290
247
150
88
63
315
424
73
64
30
111
32
114
418
130
850
160
266
100
199
130
336
846
121
64
755
173
145
65
95
218
178
61
138
55
909
41
362
36
299
41
948
80
257
16
47
51
538
21
52
122
598
383
89
266
223
111
99
476
48
331
172
183
51
89
127
292
104
47
203
31
87
94
88
49
405
29
78
131
281
50
627
65
564
168
315
294
93
150
304
998
81
92
222
110
490
45
101
29
412
137
88
85
139
29
155
162
81
245
132
757
48
70
118
127
270
145
66
147
67
502
118
56
504
88
72
271
83
292
51
161
225
75
102
56
209
353
311
130
344
187
67
307
71
252
91
277
155
305
151
303
55
100
98
133
395
314
414
54
108
80
104
69
178
136
593
151
451
260
102
32
307
62
111
590
94
65
280
88
142
313
148
252
349
361
230
97
85
117
42
97
99
156
757
46
104
83
57
93
728
88
215
129
57
996
98
217
358
164
109
204
301
192
50
208
231
283
130
500
78
77
441
30
952
113
521
881
599
240
40
384
749
173
58
27
20
166
42
81
44
116
393
219
102
84
130
32
615
90
130
214
31
155
139
32
185
53
51
172
306
161
176
908
286
61
101
96
67
69
115
286
200
123
248
67
835
99
202
132
45
37
96
364
143
234
79
42
122
75
89
474
296
213
216
95
97
153
284
263
83
164
45
844
76
20
591
243
580
160
387
106
559
199
766
64
104
384
204
384
236
88
232
290
325
172
914
857
314
308
87
101
304
175
34
177
57
187
64
119
183
266
47
225
54
41
88
81
348
328
185
73
105
97
57
142
148
654
81
120
78
71
514
140
263
696
62
63
384
730
587
218
273
52
373
27
651
111
174
238
39
194
82
70
576
102
77
74
750
32
73
89
105
99
54
17
176
100
789
157
156
761
100
186
118
86
440
31
121
167
57
268
68
245
93
32
520
98
70
219
38
58
233
212
54
142
405
98
934
240
71
118
48
33
97
162
198
85
344
77
41
199
45
226
935
237
106
153
115
156
148
144
146
171
111
160
125
399
61
93
50
164
60
95
45
39
293
148
103
127
720
91
98
871
704
548
37
339
166
109
112
57
387
142
214
172
81
94
318
87
411
176
133
77
117
86
74
465
379
85
222
82
949
356
93
300
325
91
255
64
100
257
78
25
312
310
300
184
459
59
910
282
324
84
198
95
548
46
89
106
127
123
273
79
88
66
468
255
419
71
100
47
607
109
85
75
316
334
133
70
146
209
73
444
317
99
103
227
734
195
43
145
129
264
200
40
106
93
311
147
124
36
83
392
63
124
80
225
376
67
101
462
38
99
166
68
48
130
121
99
80
78
50
875
271
82
277
31
92
92
120
258
409
183
303
65
230
66
450
212
50
31
64
151
55
97
60
69
82
117
180
33
39
168
234
140
80
34
391
512
157
177
28
43
44
34
260
286
59
215
143
97
222
35
46
65
105
221
111
45
103
79
134
420
301
83
86
168
289
60
775
715
16
107
47
394
120
203
142
115
242
371
49
139
201
151
131
174
29
372
242
135
690
122
119
262
167
322
60
233
388
170
378
254
108
208
113
30
265
82
90
246
58
248
30
45
191
150
94
87
68
46
195
120
60
498
195
574
326
342
56
546
141
594
356
191
161
108
305
438
124
111
541
24
751
359
362
30
73
215
211
632
62
94
80
76
656
45
43
45
391
142
134
515
33
110
90
122
497
28
644
97
260
180
102
23
393
70
71
104
127
104
218
301
72
105
394
424
30
258
10
77
348
71
43
90
284
205
799
201
49
49
258
572
876
77
146
83
681
50
60
700
253
944
281
190
282
31
94
72
55
826
454
174
87
33
76
286
130
51
74
63
113
69
181
211
172
351
165
242
120
40
137
77
84
107
63
26
226
38
66
43
259
114
238
488
161
414
441
242
97
466
78
70
154
45
171
23
60
61
25
207
663
107
335
605
172
97
200
148
123
173
529
584
840
83
140
36
175
244
306
224
162
35
225
139
56
82
89
65
117
113
30
851
152
826
351
65
984
43
193
56
107
169
434
40
46
129
125
53
30
84
250
130
657
690
527
102
151
704
164
85
44
87
513
408
161
196
222
62
42
35
180
69
246
564
36
205
137
65
184
51
102
520
32
117
39
86
70
161
50
84
547
89
194
734
962
60
136
288
47
139
44
958
84
253
178
293
60
91
50
64
44
60
456
103
209
219
166
260
73
227
137
29
52
32
128
65
117
112
299
129
72
41
130
55
213
334
162
222
338
41
66
343
265
336
17
310
133
188
895
72
143
29
103
162
55
189
194
84
142
228
271
157
519
291
618
842
554
431
215
264
62
123
221
211
80
56
82
241
44
272
39
980
248
366
715
231
383
269
62
238
56
195
42
40
16
258
80
133
56
86
254
294
906
42
263
90
43
285
155
194
145
78
292
305
105
38
110
67
768
217
105
224
31
653
183
168
40
87
388
239
98
58
568
320
186
944
169
47
209
106
91
350
255
124
103
444
931
420
841
99
133
178
89
189
929
62
136
73
64
133
108
65
149
329
237
30
280
215
167
878
235
53
535
271
99
110
140
434
13
385
544
426
215
103
62
109
44
281
298
190
363
208
327
107
942
116
258
150
47
290
112
68
203
63
40
68
78
76
64
103
182
194
72
246
148
56
393
119
280
211
88
30
176
57
16
79
425
587
269
113
12
130
109
40
107
177
130
295
127
169
463
142
174
110
489
225
200
227
348
60
270
41
76
70
250
612
63
330
220
42
46
44
812
42
632
68
106
141
227
57
87
487
40
377
202
504
12
79
418
181
53
146
84
260
98
75
119
308
37
447
100
309
226
67
776
679
302
135
172
118
324
81
321
416
47
102
130
69
178
107
199
81
215
27
32
60
127
191
83
50
218
82
84
187
440
69
117
142
38
123
34
61
44
241
745
167
29
73
72
257
172
101
71
106
66
196
107
40
102
386
126
157
169
203
205
139
151
327
55
116
776
59
37
41
107
167
911
133
170
129
82
15
260
7
433
126
912
61
52
98
331
49
62
163
101
560
117
784
248
607
87
244
216
703
61
327
218
346
197
79
150
266
79
165
105
106
621
63
16
235
140
398
659
888
268
285
187
124
61
58
130
116
267
924
53
90
169
45
42
147
7
125
265
56
147
95
426
48
174
156
75
52
237
118
68
77
46
19
232
410
292
246
107
243
255
213
192
163
165
123
49
99
84
82
53
98
193
255
442
76
60
158
117
117
61
178
38
152
63
145
183
64
851
130
164
26
214
67
56
427
739
67
743
190
154
219
179
487
84
62
20
295
54
38
101
173
57
162
138
73
411
75
96
314
148
142
119
49
645
28
41
842
57
133
129
212
48
117
266
124
102
870
148
185
152
183
246
68
56
387
356
204
74
214
50
127
375
48
112
67
68
128
181
100
40
390
401
103
344
82
197
309
48
53
100
161
102
121
91
365
375
461
453
294
435
403
97
66
73
121
150
63
283
100
124
82
358
256
510
103
97
108
279
215
60
30
78
97
312
134
208
86
208
108
240
84
146
89
149
55
88
115
156
78
211
80
151
378
866
98
124
108
126
139
124
454
232
190
296
683
246
276
131
69
322
333
190
276
428
230
288
405
715
111
223
142
88
128
134
106
215
34
124
29
431
43
522
276
157
228
43
340
62
334
232
103
82
82
137
98
150
58
605
77
245
22
204
357
46
134
81
323
104
170
126
137
620
286
223
166
27
384
795
137
312
27
443
122
62
78
38
77
524
91
104
568
129
139
67
92
88
269
197
94
42
160
45
134
89
67
356
162
395
87
192
514
422
514
174
133
79
699
79
46
470
88
99
90
129
529
188
242
666
214
31
585
431
380
662
99
27
804
116
67
21
159
392
62
291
201
357
441
60
62
267
168
33
58
101
413
46
882
184
232
13
39
86
276
257
715
251
55
679
74
402
139
129
194
73
291
181
65
111
99
95
51
437
646
127
50
136
300
283
100
62
805
187
33
30
233
86
60
202
845
109
107
185
183
156
52
150
89
121
802
26
580
97
135
121
72
155
58
719
185
416
141
72
293
58
97
44
55
123
61
115
72
90
252
208
577
201
204
79
553
42
39
73
303
107
192
586
93
29
30
629
209
99
176
89
705
98
57
64
187
99
675
503
419
48
239
74
268
116
75
174
164
343
247
686
173
337
279
138
58
46
370
726
217
92
360
84
83
247
99
146
90
35
837
109
75
260
350
64
738
132
73
199
323
684
366
300
131
162
189
62
355
42
215
592
177
99
159
161
177
124
85
79
185
89
244
186
68
57
114
621
60
49
153
510
383
130
186
406
309
284
76
105
192
68
562
589
556
142
94
35
279
256
483
110
187
96
175
752
457
297
104
160
658
280
133
186
68
148
167
9
356
162
44
82
128
53
65
210
58
148
71
120
155
36
42
72
283
488
125
66
90
78
61
200
98
70
196
227
17
944
581
319
35
63
104
87
327
98
663
811
74
106
134
261
366
214
133
255
85
157
70
938
124
150
323
512
101
270
39
403
165
75
941
285
69
93
178
79
128
93
550
356
163
100
420
114
132
105
99
151
378
213
50
107
129
177
65
653
41
618
155
196
87
122
467
39
63
16
59
229
157
31
658
273
107
730
145
230
298
106
45
141
367
210
260
356
146
172
358
286
109
170
91
600
158
96
100
202
204
402
938
41
110
46
485
116
185
265
108
106
335
30
65
87
697
85
54
182
167
856
39
42
75
177
354
578
57
206
282
115
138
116
810
87
144
632
91
98
927
72
58
187
83
680
79
27
378
63
49
113
72
636
613
482
22
164
27
71
141
234
17
128
200
63
127
612
350
143
196
354
97
53
138
332
96
154
239
562
93
113
580
120
273
410
167
101
118
33
92
132
207
86
945
50
402
50
46
29
161
63
819
59
121
146
47
249
107
236
290
51
74
397
152
111
538
75
181
40
45
250
59
163
518
118
636
165
139
137
786
210
85
572
88
331
376
115
296
104
233
80
509
96
87
815
425
470
223
162
24
572
60
209
51
198
228
210
41
201
55
179
85
644
747
548
105
82
42
163
51
295
125
65
256
52
944
210
774
556
422
127
110
106
59
177
728
148
105
188
257
720
359
922
375
57
166
190
754
130
301
36
334
111
511
486
221
507
371
49
792
137
495
35
72
85
293
85
146
583
266
125
82
79
273
341
222
20
216
55
231
181
265
202
18
192
63
29
748
272
174
33
146
100
16
64
444
23
79
167
69
171
245
11
591
40
117
179
426
31
105
74
86
58
205
696
391
759
91
82
56
131
186
142
441
39
83
117
79
475
45
138
189
252
259
190
122
31
87
68
176
114
141
151
194
205
204
535
171
215
288
333
57
483
106
192
483
146
127
37
87
83
49
309
55
31
170
115
208
102
47
246
868
78
160
154
77
15
63
278
132
117
115
319
110
157
865
172
327
60
360
80
191
72
148
195
14
69
126
53
231
106
18
91
626
277
787
674
30
268
207
133
446
88
260
51
310
238
86
56
225
71
56
87
121
195
247
38
96
804
163
231
875
117
24
98
340
66
852
564
613
88
213
571
243
63
218
32
24
102
142
36
108
46
188
55
73
231
207
357
21
531
568
51
757
93
79
944
179
449
124
272
362
92
102
90
308
23
239
20
74
87
539
232
228
201
58
405
83
35
71
46
130
754
58
271
158
96
694
442
97
86
94
122
152
817
404
70
72
188
56
91
265
123
90
59
44
57
13
196
36
165
21
319
685
52
349
73
83
120
429
58
614
69
18
85
287
227
146
220
77
234
109
542
44
75
148
180
481
96
66
84
104
102
184
474
983
67
287
676
247
274
243
22
54
180
362
111
478
80
110
880
158
105
227
104
123
192
149
355
334
389
166
127
55
613
119
548
85
246
128
515
993
134
246
176
651
142
48
234
342
174
52
126
130
51
141
233
783
263
568
47
78
87
27
98
63
70
436
223
223
281
224
148
148
113
92
288
276
600
104
111
112
185
128
193
161
110
388
804
35
107
46
55
58
93
229
102
95
276
83
82
49
108
146
163
27
247
59
204
121
332
986
213
75
519
55
191
249
44
44
288
42
180
430
183
265
100
313
343
215
130
269
634
395
615
304
208
179
104
177
92
81
109
108
46
87
387
58
130
69
131
33
117
215
211
317
929
491
64
151
284
37
102
203
76
142
32
310
177
311
78
797
487
136
129
34
44
738
104
212
88
188
362
279
142
313
92
88
234
247
86
260
127
171
174
144
191
374
143
149
163
48
204
69
878
185
110
67
327
110
145
73
308
521
56
80
533
266
91
42
122
106
61
93
170
74
90
254
159
282
140
222
85
142
287
67
194
69
39
169
71
759
149
23
74
347
42
47
73
90
64
54
170
21
167
739
174
94
139
136
72
161
76
762
158
77
131
447
75
293
50
43
508
193
222
854
392
463
84
162
454
81
92
305
338
150
173
63
332
56
107
450
143
84
352
352
53
200
144
407
75
171
272
32
135
587
28
54
155
137
182
145
165
13
107
169
83
67
571
133
61
38
62
166
172
78
111
749
342
668
307
259
158
199
40
77
154
61
66
36
37
94
41
59
415
710
165
72
531
56
52
41
153
116
231
94
71
484
41
240
38
220
823
53
395
110
218
95
58
285
341
59
73
312
322
63
705
84
156
35
206
465
80
75
132
101
39
197
90
240
223
197
140
66
34
132
81
125
73
63
314
176
206
70
365
49
129
268
71
129
60
169
44
95
39
557
962
43
168
201
145
93
14
561
608
235
183
209
232
136
125
160
46
113
131
436
652
78
142
86
171
160
581
46
414
64
38
62
96
157
114
67
235
216
114
159
191
743
177
68
162
83
183
418
188
122
73
160
216
41
60
26
54
288
55
277
26
646
310
25
15
150
350
120
108
35
90
200
42
44
951
190
67
34
136
22
225
720
149
362
221
92
152
175
68
196
242
359
538
144
375
494
123
521
410
276
83
211
75
179
249
103
420
904
52
42
63
374
204
566
456
651
136
141
96
57
127
59
63
936
48
576
80
172
82
81
166
62
122
33
135
146
80
318
57
73
76
464
745
145
290
60
208
348
67
294
131
251
89
20
717
140
379
31
972
37
156
106
107
29
384
82
224
39
408
27
465
789
151
22
110
266
94
98
208
157
27
36
119
426
73
89
69
27
178
208
71
37
169
782
42
108
141
455
47
161
153
712
26
72
134
307
63
127
84
467
39
143
258
884
73
154
165
218
168
913
94
35
474
193
208
842
38
29
194
97
85
993
142
29
201
299
55
56
127
82
426
364
70
83
153
179
362
158
432
303
198
89
419
324
277
219
206
277
175
194
59
86
118
102
273
145
187
180
91
932
238
125
270
152
81
72
85
134
51
641
106
83
58
42
150
94
51
74
398
65
215
66
52
27
33
395
208
169
124
199
384
65
96
382
824
85
67
23
949
31
189
361
301
27
143
66
137
411
196
162
127
157
147
838
62
100
422
98
352
42
17
467
27
161
119
161
215
31
121
263
300
57
95
507
250
32
28
130
47
33
42
59
118
622
221
174
76
62
73
64
112
19
206
403
435
855
270
257
318
55
595
68
90
89
146
48
171
222
95
351
81
367
99
204
134
936
57
312
51
58
57
211
581
255
387
98
117
193
73
135
110
363
77
98
259
50
277
150
128
313
352
171
337
134
121
249
119
24
409
92
115
96
36
259
66
67
269
51
67
649
55
42
154
261
256
87
369
67
50
224
434
91
159
14
96
272
32
370
703
45
128
57
120
60
267
144
31
256
273
596
164
308
146
248
250
72
82
253
173
94
167
503
283
55
408
31
336
45
214
277
65
633
430
54
141
144
54
145
345
21
49
95
116
828
354
148
525
79
63
163
899
37
222
902
34
100
111
213
287
47
525
167
118
197
70
47
381
97
89
114
139
135
68
90
139
89
247
50
85
88
106
28
81
217
106
156
332
369
890
856
127
229
69
70
72
163
162
129
96
310
73
55
358
33
52
98
93
31
344
225
66
416
33
382
135
122
408
758
16
722
131
27
504
268
126
74
194
295
23
113
137
92
39
80
733
47
80
313
257
42
713
99
184
57
240
82
256
100
77
38
170
408
129
222
235
147
87
130
100
342
128
161
235
206
147
37
43
260
166
184
48
56
385
334
77
25
190
239
412
110
88
152
121
329
238
430
197
870
339
538
114
245
202
117
26
120
42
941
607
413
117
765
254
71
31
52
62
46
178
205
74
59
118
111
106
117
146
280
36
81
93
150
210
317
84
12
711
518
643
120
127
75
56
160
113
231
76
109
42
214
155
75
571
241
292
24
120
38
234
118
216
112
120
105
71
36
42
265
64
54
201
170
255
287
133
143
51
177
117
70
100
60
51
56
176
152
297
119
45
115
193
166
126
21
72
279
134
292
93
302
40
109
53
347
424
116
94
68
39
711
40
87
315
228
117
26
130
12
214
713
80
920
76
114
194
60
405
34
285
212
125
366
137
218
63
147
234
688
71
61
427
571
260
299
383
28
818
27
194
174
59
80
298
278
97
72
52
117
226
666
37
112
369
73
149
163
125
323
56
146
851
379
178
48
64
99
16
42
203
65
696
397
381
240
23
405
44
946
485
316
204
120
75
107
124
44
48
47
65
863
680
244
38
871
556
77
242
257
709
99
242
100
575
168
220
90
36
68
370
39
204
283
99
263
62
176
185
128
63
874
99
155
127
352
87
39
143
326
197
587
83
166
209
959
208
235
289
114
475
318
60
178
143
18
124
90
39
77
277
407
71
724
131
147
50
175
858
123
212
690
123
157
170
35
168
114
386
151
243
94
874
141
102
164
154
264
243
375
101
599
445
73
670
55
39
177
424
452
68
112
86
691
725
317
554
110
183
137
91
80
228
126
244
161
302
88
615
74
165
62
72
67
40
37
403
621
959
76
229
192
80
602
150
159
94
74
144
64
116
183
118
259
313
145
94
179
35
143
56
97
312
168
718
112
89
223
265
194
121
74
322
74
984
85
82
198
38
133
198
287
668
57
62
80
48
720
160
237
232
105
173
89
43
137
173
78
500
221
38
86
435
135
134
123
43
146
52
56
376
64
27
189
290
52
196
161
181
40
119
162
25
60
414
24
571
169
42
51
135
55
32
220
256
49
30
159
101
226
65
62
169
705
235
132
399
64
196
158
78
389
130
270
183
200
55
154
413
411
253
161
165
206
63
213
383
74
87
46
39
76
39
206
70
58
83
42
128
353
452
247
891
711
175
141
147
442
128
79
186
99
114
138
294
172
480
30
80
111
142
53
38
59
208
86
68
993
75
973
432
183
91
943
104
66
63
139
37
75
651
147
81
68
90
35
380
69
907
238
23
113
152
88
83
50
115
193
385
49
110
188
544
87
439
95
235
893
51
160
194
87
92
832
145
185
64
61
887
68
81
31
99
151
370
94
211
926
438
116
48
137
106
38
169
461
962
61
112
261
928
131
49
42
423
134
63
902
866
296
109
53
53
111
935
199
310
45
220
292
496
244
229
63
105
137
383
83
290
142
149
287
44
55
288
31
61
194
169
121
99
276
179
125
151
109
55
62
913
135
51
116
227
278
208
37
115
46
103
134
908
30
77
194
189
172
195
379
100
689
72
32
974
153
169
159
141
337
64
156
18
933
53
100
119
441
722
95
149
113
913
69
435
485
25
433
124
369
157
121
204
147
69
218
398
433
81
109
125
205
635
143
187
464
305
205
148
98
229
63
109
209
134
855
666
481
372
482
63
95
203
98
36
687
102
115
125
343
68
82
92
61
298
85
216
399
101
138
240
819
172
261
202
25
132
129
765
131
273
75
108
103
108
890
157
205
124
137
249
88
107
25
81
53
184
128
34
300
202
65
88
40
81
157
73
114
240
156
60
28
159
81
76
80
55
544
530
75
125
141
172
103
188
107
49
90
145
251
123
118
78
363
634
609
472
46
101
85
96
36
124
102
291
179
65
103
312
990
44
282
58
112
59
77
121
38
336
687
471
193
67
110
16
148
170
462
207
149
40
47
41
98
62
171
384
98
27
740
122
103
123
293
349
153
305
989
208
122
130
94
206
128
149
125
65
263
92
457
364
69
83
138
72
47
65
66
133
105
122
987
751
28
197
165
319
34
41
103
195
464
58
358
44
52
45
52
27
107
156
418
574
58
214
65
182
300
115
694
41
89
146
80
102
577
94
134
184
570
595
50
439
739
245
852
180
354
39
748
331
134
45
52
243
82
223
499
412
365
166
27
39
272
238
132
131
92
482
432
120
197
62
76
204
49
111
101
596
499
404
148
58
79
48
432
28
601
277
154
506
62
141
220
71
884
40
36
76
67
355
70
32
155
208
67
786
38
52
226
250
171
41
228
392
171
255
475
78
129
84
60
34
44
260
64
445
213
30
25
209
436
134
134
293
286
111
176
96
310
614
211
514
76
367
447
59
98
272
502
529
135
306
92
72
66
591
290
54
15
393
19
171
194
74
39
223
494
231
424
74
24
68
402
29
110
74
110
30
171
109
980
150
50
186
161
188
212
40
620
127
125
60
501
98
185
125
74
66
335
212
75
60
43
76
123
272
18
310
129
134
778
806
368
325
72
310
62
382
66
194
20
253
363
107
824
160
898
136
151
108
90
90
137
165
135
60
321
431
58
362
228
82
72
386
241
95
21
201
113
163
803
59
99
48
62
199
557
394
180
232
110
47
797
232
54
137
68
89
700
409
167
164
65
400
172
46
54
93
165
50
475
185
322
31
138
89
185
122
188
165
960
593
100
786
102
103
773
147
76
606
42
142
8
403
42
31
147
155
124
450
90
193
228
987
35
90
63
397
119
81
186
71
205
701
41
62
349
677
177
65
580
44
757
34
313
71
408
102
158
164
342
390
63
135
154
474
46
177
106
102
201
283
454
298
175
57
137
80
288
356
11
358
77
59
60
397
144
593
114
59
259
216
129
69
167
510
567
68
505
608
181
113
517
133
97
69
671
115
200
85
77
148
238
217
127
63
236
103
649
58
921
371
121
620
318
90
76
47
67
80
28
760
499
70
69
253
74
872
426
18
106
116
50
24
64
286
684
111
831
328
136
81
286
66
65
474
148
71
259
448
224
103
23
23
119
45
202
211
92
182
374
102
24
699
80
25
77
30
58
129
126
136
73
393
131
37
62
113
168
234
161
240
70
33
166
779
824
72
135
73
146
164
25
114
354
134
34
623
75
77
691
291
745
445
49
108
138
38
315
292
132
71
118
274
235
296
61
361
192
252
741
51
135
43
111
119
734
86
112
27
81
689
437
153
203
924
79
140
209
501
42
332
73
624
42
110
135
96
43
48
73
73
157
41
21
86
65
845
86
145
201
46
343
416
77
254
30
367
68
106
223
649
225
205
236
71
439
59
178
618
219
143
686
300
154
89
178
49
156
57
255
169
39
73
255
157
288
87
82
158
703
14
37
145
224
67
170
199
107
78
769
47
60
142
32
87
47
32
188
203
89
185
75
24
333
47
140
57
472
306
121
121
144
121
166
79
210
123
376
346
76
283
345
95
165
286
239
121
282
115
148
786
656
313
590
206
345
31
523
87
160
77
587
164
35
284
56
66
119
82
267
179
167
141
30
401
657
174
308
81
62
410
164
238
219
657
126
41
114
251
145
172
205
93
93
835
238
143
174
110
34
599
102
198
160
172
191
117
198
382
294
249
416
198
42
55
16
933
163
147
142
144
208
39
64
374
69
190
72
64
619
349
55
52
399
218
143
81
295
521
240
115
54
179
72
100
18
123
94
93
751
126
158
282
75
48
304
158
55
125
172
157
150
149
117
216
131
47
35
187
362
113
80
32
17
445
48
410
132
165
198
128
170
537
76
107
43
45
124
192
128
677
461
357
62
317
107
125
148
36
123
109
552
91
50
59
156
154
307
59
160
78
92
64
55
167
96
275
206
81
70
943
164
242
219
30
104
65
59
142
98
564
644
69
53
86
78
167
973
61
512
40
85
61
157
128
142
235
33
154
256
149
414
166
127
96
454
246
141
94
83
156
727
129
180
43
85
155
239
230
994
131
111
72
68
116
142
82
23
682
81
231
128
284
175
486
499
236
70
130
107
155
187
161
495
32
67
60
358
36
25
12
333
129
926
196
96
57
501
713
111
197
43
213
79
63
276
80
400
306
28
27
133
47
135
47
256
87
69
191
756
429
91
276
203
225
370
77
36
601
86
722
231
29
104
32
135
47
83
136
246
717
64
56
504
89
89
243
114
40
168
827
92
192
469
942
33
403
87
116
136
944
32
28
471
250
555
138
53
134
653
762
202
125
829
165
186
896
100
206
100
298
114
194
156
172
100
198
67
198
221
107
248
203
111
20
134
128
52
571
155
365
813
308
198
799
88
762
186
255
118
128
221
80
32
104
193
46
280
116
192
440
294
608
519
105
758
59
70
78
227
116
300
519
90
41
330
152
47
262
205
41
289
78
95
295
256
117
316
182
561
777
614
170
648
426
354
109
74
122
134
107
230
68
67
247
418
160
478
299
119
62
221
234
38
366
36
51
163
337
117
112
126
241
41
94
76
97
58
75
88
841
37
886
657
52
118
392
142
25
492
489
153
109
561
178
155
512
169
146
49
374
244
683
202
313
872
37
207
588
881
766
110
93
924
319
88
141
148
131
826
131
244
198
169
382
72
80
298
176
405
125
201
42
97
132
238
17
169
27
821
242
114
103
208
241
74
84
166
109
590
868
88
233
55
210
97
162
209
185
217
68
521
55
84
787
83
643
63
93
95
113
243
223
211
738
37
239
36
386
558
27
18
334
352
110
372
145
298
369
223
561
606
274
36
73
17
309
88
194
719
40
68
276
146
227
74
156
115
49
123
92
128
92
91
128
274
206
143
103
218
252
122
522
143
293
101
298
65
130
50
393
18
208
159
970
27
82
115
947
133
189
78
368
96
90
705
180
78
69
343
106
214
839
24
54
51
165
172
56
189
96
50
741
66
613
147
356
109
343
116
40
187
49
328
459
120
77
392
631
146
602
56
167
366
84
184
71
408
389
87
179
187
22
84
255
184
111
74
598
88
65
263
67
199
630
191
413
55
18
253
55
806
292
73
92
262
25
448
83
198
752
203
196
457
29
80
169
66
94
76
173
129
187
77
296
248
157
141
264
205
112
160
330
119
40
180
216
166
161
115
68
233
63
34
322
204
587
203
258
483
130
100
69
36
169
158
71
322
163
526
61
313
126
180
225
110
258
33
96
528
388
132
186
24
311
105
233
682
181
92
109
158
65
492
29
55
336
189
197
132
180
65
35
113
672
101
186
99
231
361
92
117
400
215
101
161
233
159
158
56
146
150
145
164
110
62
49
289
295
44
108
329
46
169
56
29
145
104
189
54
333
16
216
54
83
72
397
23
210
112
54
122
576
366
101
508
44
93
117
891
166
125
737
51
138
73
721
183
77
138
134
51
82
177
91
462
308
691
341
52
736
65
380
64
163
445
60
108
170
742
395
54
190
422
29
286
19
63
100
66
61
381
117
80
254
210
97
75
100
711
46
194
132
465
154
83
676
27
92
82
83
100
161
129
284
179
80
92
720
386
91
53
58
136
120
71
36
138
78
87
74
95
61
80
65
100
32
745
148
81
72
409
115
168
106
236
39
324
257
927
175
452
241
356
189
107
89
188
395
29
343
221
165
70
203
117
119
43
99
426
143
339
314
258
116
16
194
878
243
182
94
280
115
217
61
25
134
99
19
314
151
55
200
155
103